51668
92104
56912
64792
23059
4832
167691
150737
55081
28981
80173
127733
79989
90410
25841
93323
79600
9867
2253
5108
22832
229
165055
6621
152185
84871
79971
402381
29109
55898
7980
22994
9662
635
10631
151963
636
5076
89891
441046
2304
83648
83657
51084
8556
55094
9851
93594
84902
83658
84662
117178
54839
145508
79875
55835
140735
9731
10726
92482
6491
79696
54765
7266
84318
3875
51199
84292
23112
55521
11064
55095
4867
55735
257236
79866
339005
163786
6103
1891
55831
11116
79036
10113
10198
2034
80824
80778
23609
3300
284369
7059
3323
79441
119710
10424
57539
23478
64770
80254
